/*--------------------------------*- C++ -*----------------------------------*\
| =========                 |                                                 |
| \\      /  F ield         | OpenFOAM: The Open Source CFD Toolbox           |
|  \\    /   O peration     | Version:  2312                                  |
|   \\  /    A nd           | Website:  www.openfoam.com                      |
|    \\/     M anipulation  |                                                 |
\*---------------------------------------------------------------------------*/
FoamFile
{
    version     2.0;
    format      ascii;
    arch        "LSB;label=32;scalar=64";
    class       vectorField;
    location    "constant/polyMesh";
    object      points;
}
// * * * * * * * * * * * * * * * * * * * * * * * * * * * * * * * * * * * * * //


184
(
(0 0 0)
(0.04444444444 0 0)
(0.08888888889 0 0)
(0.1333333333 0 0)
(0.1777777778 0 0)
(0.2222222222 0 0)
(0.2666666667 0 0)
(0.3111111111 0 0)
(0.3555555556 0 0)
(0.4 0 0)
(0.4444444444 0 0)
(0.4888888889 0 0)
(0.5333333333 0 0)
(0.5777777778 0 0)
(0.6222222222 0 0)
(0.6666666667 0 0)
(0.7111111111 0 0)
(0.7555555556 0 0)
(0.8 0 0)
(0.8444444444 0 0)
(0.8888888889 0 0)
(0.9333333333 0 0)
(0.9777777778 0 0)
(1.022222222 0 0)
(1.066666667 0 0)
(1.111111111 0 0)
(1.155555556 0 0)
(1.2 0 0)
(1.244444444 0 0)
(1.288888889 0 0)
(1.333333333 0 0)
(1.377777778 0 0)
(1.422222222 0 0)
(1.466666667 0 0)
(1.511111111 0 0)
(1.555555556 0 0)
(1.6 0 0)
(1.644444444 0 0)
(1.688888889 0 0)
(1.733333333 0 0)
(1.777777778 0 0)
(1.822222222 0 0)
(1.866666667 0 0)
(1.911111111 0 0)
(1.955555556 0 0)
(2 0 0)
(0 0.1 0)
(0.04444444444 0.1 0)
(0.08888888889 0.1 0)
(0.1333333333 0.1 0)
(0.1777777778 0.1 0)
(0.2222222222 0.1 0)
(0.2666666667 0.1 0)
(0.3111111111 0.1 0)
(0.3555555556 0.1 0)
(0.4 0.1 0)
(0.4444444444 0.1 0)
(0.4888888889 0.1 0)
(0.5333333333 0.1 0)
(0.5777777778 0.1 0)
(0.6222222222 0.1 0)
(0.6666666667 0.1 0)
(0.7111111111 0.1 0)
(0.7555555556 0.1 0)
(0.8 0.1 0)
(0.8444444444 0.1 0)
(0.8888888889 0.1 0)
(0.9333333333 0.1 0)
(0.9777777778 0.1 0)
(1.022222222 0.1 0)
(1.066666667 0.1 0)
(1.111111111 0.1 0)
(1.155555556 0.1 0)
(1.2 0.1 0)
(1.244444444 0.1 0)
(1.288888889 0.1 0)
(1.333333333 0.1 0)
(1.377777778 0.1 0)
(1.422222222 0.1 0)
(1.466666667 0.1 0)
(1.511111111 0.1 0)
(1.555555556 0.1 0)
(1.6 0.1 0)
(1.644444444 0.1 0)
(1.688888889 0.1 0)
(1.733333333 0.1 0)
(1.777777778 0.1 0)
(1.822222222 0.1 0)
(1.866666667 0.1 0)
(1.911111111 0.1 0)
(1.955555556 0.1 0)
(2 0.1 0)
(0 0 0.1)
(0.04444444444 0 0.1)
(0.08888888889 0 0.1)
(0.1333333333 0 0.1)
(0.1777777778 0 0.1)
(0.2222222222 0 0.1)
(0.2666666667 0 0.1)
(0.3111111111 0 0.1)
(0.3555555556 0 0.1)
(0.4 0 0.1)
(0.4444444444 0 0.1)
(0.4888888889 0 0.1)
(0.5333333333 0 0.1)
(0.5777777778 0 0.1)
(0.6222222222 0 0.1)
(0.6666666667 0 0.1)
(0.7111111111 0 0.1)
(0.7555555556 0 0.1)
(0.8 0 0.1)
(0.8444444444 0 0.1)
(0.8888888889 0 0.1)
(0.9333333333 0 0.1)
(0.9777777778 0 0.1)
(1.022222222 0 0.1)
(1.066666667 0 0.1)
(1.111111111 0 0.1)
(1.155555556 0 0.1)
(1.2 0 0.1)
(1.244444444 0 0.1)
(1.288888889 0 0.1)
(1.333333333 0 0.1)
(1.377777778 0 0.1)
(1.422222222 0 0.1)
(1.466666667 0 0.1)
(1.511111111 0 0.1)
(1.555555556 0 0.1)
(1.6 0 0.1)
(1.644444444 0 0.1)
(1.688888889 0 0.1)
(1.733333333 0 0.1)
(1.777777778 0 0.1)
(1.822222222 0 0.1)
(1.866666667 0 0.1)
(1.911111111 0 0.1)
(1.955555556 0 0.1)
(2 0 0.1)
(0 0.1 0.1)
(0.04444444444 0.1 0.1)
(0.08888888889 0.1 0.1)
(0.1333333333 0.1 0.1)
(0.1777777778 0.1 0.1)
(0.2222222222 0.1 0.1)
(0.2666666667 0.1 0.1)
(0.3111111111 0.1 0.1)
(0.3555555556 0.1 0.1)
(0.4 0.1 0.1)
(0.4444444444 0.1 0.1)
(0.4888888889 0.1 0.1)
(0.5333333333 0.1 0.1)
(0.5777777778 0.1 0.1)
(0.6222222222 0.1 0.1)
(0.6666666667 0.1 0.1)
(0.7111111111 0.1 0.1)
(0.7555555556 0.1 0.1)
(0.8 0.1 0.1)
(0.8444444444 0.1 0.1)
(0.8888888889 0.1 0.1)
(0.9333333333 0.1 0.1)
(0.9777777778 0.1 0.1)
(1.022222222 0.1 0.1)
(1.066666667 0.1 0.1)
(1.111111111 0.1 0.1)
(1.155555556 0.1 0.1)
(1.2 0.1 0.1)
(1.244444444 0.1 0.1)
(1.288888889 0.1 0.1)
(1.333333333 0.1 0.1)
(1.377777778 0.1 0.1)
(1.422222222 0.1 0.1)
(1.466666667 0.1 0.1)
(1.511111111 0.1 0.1)
(1.555555556 0.1 0.1)
(1.6 0.1 0.1)
(1.644444444 0.1 0.1)
(1.688888889 0.1 0.1)
(1.733333333 0.1 0.1)
(1.777777778 0.1 0.1)
(1.822222222 0.1 0.1)
(1.866666667 0.1 0.1)
(1.911111111 0.1 0.1)
(1.955555556 0.1 0.1)
(2 0.1 0.1)
)


// ************************************************************************* //
